---
openapi: 1.000000
info: 0.125000
host: 0.044586
paths: 0.005848
produces: 0.004464
schemes: 0.360000
...
